-0.0064555
-0.0064767
0.0047257
0.0027094
-0.001279
0.005611
0.00099894
-0.004822
0.0080089
-0.010347
-0.010076
-0.0028575
0.0055873
-9.6935e-05
0.00032363
0.0082784
0.0069866
-0.006302
0.0039558
-0.00027572
0.0022956
0.0073521
-0.0040601
0.0029626
-0.0004928
-0.003036
0.0033119
-0.001774
0.0077392
0.0043927
0.0057277
0.00031252
-0.0079985
-0.0042764
-0.0060334
0.0049596
-0.0017963
0.0005909
0.0037413
-0.0043418
-0.0032783
0.0058765
0.0054687
-0.0043768
-0.0034052
0.00013015
0.0025667
0.010502
0.0035527
-0.0055592
-0.0055747
0.0055607
0.0039593
-0.0053736
-0.00091831
-0.0038596
0.00054578
0.0053697
-0.0092313
0.0071631
-0.0023257
-0.00084675
-0.0046589
0.0090821
0.0068335
0.0052744
0.00027346
0.0045623
-0.0039199
-0.0032618
0.0072427
0.005997
-0.010888
0.002928
0.0022756
0.0067225
-0.0021225
0.0053461
-0.00053921
-0.0056808
0.008981
0.0031396
0.006795
0.0044323
-0.0076151
-0.00046196
-0.00046067
-0.001959
-0.011269
-0.0023911
0.0042578
0.0060308
-0.0060259
0.0087417
0.0017663
0.0077342
0.0018865
-0.00026965
-0.0036337
-0.0034733
0.008384
-0.0068833
-0.0071047
-0.00079846
-0.0043082
0.0052658
0.007493
-0.00082514
-0.0044211
-0.0022004
0.0032271
-0.0052322
0.0022153
0.0048846
-0.0079445
0.0014306
-0.0083403
0.0069415
-0.0034877
0.0040209
0.010775
-0.0041609
-0.0074089
0.0047418
-0.0069369
0.0064822
0.0067898
0.0031197
0.010315
0.0030079
0.005727
-0.0080357
0.0010463
-0.0036995
0.00096355
0.00057392
0.0012663
2.1728e-05
-0.0028545
0.0028041
-0.0040233
-0.0065599
-0.0052568
0.0080699
0.0057633
-0.0040855
0.00096734
-0.0064279
0.0068488
-0.0064647
-0.001891
0.0027734
-0.0040419
-0.0055951
-0.0029109
0.0056779
0.00032983
-0.0030223
-0.0072331
0.005094
0.0078049
0.0049548
0.0026407
0.0042138
-0.00082301
-0.0030004
-0.0062779
-0.0061697
-0.001678
0.0080311
0.0045235
-0.00063578
0.0036482
0.0060489
-0.0059014
-0.0071937
0.0031303
0.0031557
0.0017745
-0.0062401
0.0050825
-0.0072663
-0.00029962
-0.009029
0.00054091
-0.0072699
0.00010956
-0.0026141
-0.0043258
0.00098047
-0.0025513
-0.0013006
-0.0073816
-0.0028298
0.0072745
0.0035911
0.0024839
0.0014218
0.0092835
0.0086126
0.0052345
0.0028387
0.00437
0.0044353
0.0019833
-0.0053234
0.0028684
0.0076818
-0.0092834
-0.005834
-0.0046881
-0.00026177
-0.008654
0.0025056
0.0022526
-0.0066512
-0.0012158
0.011727
0.0066113
-0.0043006
-0.0060389
0.0030865
-0.0044418
0.0090641
-0.00023992
0.0050279
-0.0050588
0.003152
0.0067323
0.0062167
-0.0057781
-0.00894
-0.0024009
-0.0064965
0.0027434
0.007755
-0.0033234
-0.00051694
-0.00061821
-0.0015912
-0.0014643
0.011504
-0.0032102
-0.0057881
-0.0067565
-0.0041115
0.0064587
-0.0001782
-0.0074075
0.0069392
0.001476
-0.007358
-0.0039522
0.006339
0.0027337
0.0044903
0.0072757
0.001168
0.0033279
0.0040393
0.0073943
0.0090579
0.0032328
0.00786
0.0092091
-0.0047798
-0.0045555
0.0035952
-0.00086569
0.0073178
0.00041405
0.0066501
0.0019899
-0.0049917
-0.0049188
-0.0063325
-0.0042716
-0.0076896
-0.00059062
-0.0055063
0.0039173
-0.0050737
0.0048236
0.0080044
-0.0047608
0.0043872
-0.0029131
-0.0020796
0.00034816
0.0074786
-0.0036252
-0.0001194
-0.006181
0.0031158
-0.0019788
0.003247
-0.0057207
0.0067571
0.0062487
-0.0024521
0.0069413
-0.005981
-0.0046114
0.0039732
0.0091414
-0.0013201
-0.0076762
-0.00019483
-0.0067577
0.0081512
0.0054661
-0.0011022
0.0010557
0.0049069
-0.004075
0.0081538
-0.00013865
0.0070615
-0.0071407
-0.0022713
0.00047501
0.0023351
0.0085028
0.0048818
-0.0030832
0.0011877
0.0079863
-0.0040546
0.0050027
-0.011304
-0.0067663
0.0047402
0.0033355
0.0058546
0.0050119
0.0067309
0.0072839
-0.0016038
0.0077005
0.010502
0.0048584
-0.00025898
0.0064042
-9.5846e-05
-0.0091442
-0.0071491
0.0052717
-0.0048989
0.0035872
0.005893
-0.0095942
-0.0011617
0.0023705
-0.0016953
0.0063033
0.0022642
0.0083863
0.0032293
-0.0027799
-0.00034824
0.0085303
-0.0037191
-0.0061799
0.0047041
-0.00030638
-0.0068379
0.0010031
0.000663
0.0055597
0.0013797
0.0067968
-0.0026575
0.0003279
-0.0060561
0.0070131
0.008399
0.0035133
-0.004274
0.0087725
-0.0074015
0.0084205
-0.00044353
-0.0030416
-0.011862
0.0098272
0.0046542
0.0080655
-0.0041586
0.0020164
-0.0028165
0.0060842
0.0020053
-0.0015183
-0.0040071
-0.0044948
-0.002248
0.0032521
0.0071956
0.0063846
0.0029277
0.00037009
-0.005794
0.0042628
-0.0012014
-0.010321
-0.0028847
-0.0034871
-0.0024048
0.0078166
-0.0056325
-0.0043138
0.007893
0.0036209
-0.0026231
0.0025803
-0.006266
-0.0067494
0.00093457
0.0038362
0.0082858
0.0047278
-0.005579
-0.0041545
-0.0037586
0.0032262
0.0062036
0.0030093
-0.0040233
-0.0074982
0.0086932
0.0070705
-0.010431
0.0014718
0.0097389
-0.0043532
0.006824
0.00505
-0.0023592
-0.0059758
-0.00094418
0.0051623
-0.0093009
-0.00020853
0.0079661
0.0035323
0.0013572
0.0020649
0.0062348
0.0023654
-0.0047451
-0.0069306
-0.0037748
-0.0088923
0.0068005
0.0020091
0.005819
0.002306
-0.009557
-0.010606
-0.0067305
0.0063371
-0.011702
-0.0042981
0.0061138
0.0083513
0.0062948
-0.0011794
-0.0050141
-0.0079744
0.0073653
-0.0029113
-0.0010995
0.0051434
-0.00064754
0.00088555
-0.0025767
0.0018585
-0.0040687
0.0050051
-0.0083827
-0.0033354
-0.010264
0.0025692
0.0067209
0.0023182
-0.007573
0.0051729
-0.0051593
0.00054613
0.0079633
-0.0041961
0.0083905
0.0019552
-0.0069237
-0.0060748
0.00073004
-0.0016061
0.0087597
0.0059235
-0.0075948
-0.001228
0.00021001
0.0073874
0.001098
-0.0023062
0.00652
-0.0022448
0.0055748
-0.0075101
-0.0079064
-0.0041008
0.00657
-0.0064308
-0.001043
0.002913
0.005835
0.0035795
0.0026166
-0.0050663
0.0091853
0.0031067
-0.0012548
-0.0048563
0.0055916
-0.0033648
-0.0059578
0.004927
0.005019
0.0052289
-0.0077945
-0.001032
0.0068005
0.0091347
-0.0021752
-0.0038365
0.0064306
-0.0040711
-0.0061987
-0.0016479
0.0030161
-0.004161
-0.0023276
0.0032296
0.0051502
-0.0013396
-0.0059648
0.0050499
0.0070217
0.0073876
0.0079851
-0.00020744
0.0058793
0.0090807
0.0068271
0.0027147
0.006769
0.0062184
0.0058171
-0.0024833
0.002855
0.0016071
0.0059109
0.0068264
0.003117
0.0064242
-0.0041976
-0.0040603
0.0034586
0.0021438
-0.0091217
-0.0063765
-0.0030384
-0.0083291
-0.0046263
-0.004575
0.0042555
-0.0048542
0.001707
0.0039006
-0.0049158
0.0037905
0.005729
-0.0060181
-0.0035807
0.0076252
0.0025731
0.0049286
-0.0039037
0.0030883
-0.0044095
-0.0050645
0.0051165
0.0072303
-0.00057227
0.0029666
0.0053277
-0.0083659
0.0058003
-0.0054673
0.0041635
0.0054795
-0.0091867
-0.0039643
0.0033604
-0.0077074
0.0012321
0.0040571
-0.0014946
0.0055851
-0.0035081
0.0042926
0.0053621
0.004097
-0.0072807
0.0027608
0.0092783
0.0036693
-0.0051403
-0.0056266
0.0052682
0.0010143
0.0071928
0.0043599
-0.00027598
0.0062476
-0.0032009
0.0033701
-0.0030409
-0.0046673
0.0079601
0.0027288
-0.0012467
0.0015108
0.0066661
-0.0065539
-0.0036088
-0.0039161
0.002256
0.0031724
0.0061516
0.0070442
0.0056612
-0.0057354
0.0037387
0.0043799
0.0036407
-0.006642
0.0050799
0.0043235
0.0044764
0.0057663
0.0074699
0.0056254
0.0013376
0.0029438
0.0039188
0.0048055
-0.0041719
0.0022537
-0.0047825
0.0074392
-0.0035082
0.0052865
0.0035953
-0.0063708
-0.0048947
0.0069547
0.0043407
0.0025258
0.0057597
-0.0042382
0.0051856
0.0033442
0.00179
0.0032916
0.0044983
0.0035946
-0.0040604
0.0061456
-0.0039692
0.002772
-0.0070343
-0.0057718
0.0044963
-0.0034546
-0.0032655
0.0066512
-0.0062789
-0.0027939
-0.004349
0.0062154
0.0073434
0.0075303
-0.0058015
0.011682
0.0030891
0.0064707
-0.00046763
-0.0016001
0.0062117
8.9538e-05
0.0030698
0.004671
-0.0074313
-0.0067372
0.0047393
0.0056924
-0.002939
0.0011431
-0.0044454
0.00081229
-0.00023286
0.0065354
0.0075917
-0.0030916
0.0027377
-0.00047607
0.0059552
-0.003461
0.003547
0.0076303
0.0013303
0.0092934
-0.0029743
0.00081055
0.0059172
-0.001059
0.0040629
0.001682
-0.0018625
-0.0071913
-0.0048535
0.0063935
-0.0044559
-0.004925
-0.0026004
0.0059702
-0.00024401
-0.0029014
-0.0082205
0.003289
-0.0093374
-0.0036224
-0.0067264
0.0093602
0.0027071
0.0072788
0.0015621
0.003504
-0.0090714
-0.006631
-0.0030723
0.0076963
-0.0056083
-0.0054914
-0.0052301
-0.0049486
0.0030921
-0.0039095
0.0051782
0.0023927
0.0059281
-0.0046052
-0.0017919
-0.0030105
-0.00041905
-0.0069832
-0.0033496
-0.0035618
-0.011318
0.0043745
0.0038582
-0.0060113
-0.0064694
0.0014149
-0.0077627
0.0023228
-0.0041564
0.0028442
0.0010615
0.0050781
0.0061449
-0.0069072
-0.0052435
-0.0034955
0.0089591
-0.0001469
-0.006199
0.0016701
-0.0038166
0.0058743
0.0056364
0.0029327
-0.0051818
4.8594e-05
-0.0042148
0.0054678
-0.0018315
-0.001522
-0.0043458
-0.0056124
-0.0058875
0.0082399
-0.0061619
0.0046496
0.0034182
0.0010899
0.00084851
0.0029047
0.0066415
-0.0045957
-0.0057092
0.004254
0.0012198
-0.0029248
0.0092897
-0.004018
0.0039754
-0.0042516
0.0041326
-0.0008136
-0.0050977
-0.0033878
-0.0062584
0.0027316
0.00093521
0.0035265
-0.0082077
0.0062137
-0.0052216
-0.00307
-0.0055983
0.0064984
0.0055577
-0.0041917
-0.0068065
-0.0034496
0.0055218
-0.0071367
-0.0034001
-0.0070719
0.0016322
0.0031837
0.0036645
-0.005858
-0.0049492
-0.0035848
0.0093597
-0.0092068
0.0062974
0.008348
-0.00050949
-0.0023147
0.0080468
-0.0057257
-0.0021803
-0.0056872
-0.0013823
-0.0073988
0.0043163
-0.004449
0.0044746
0.0061466
0.004908
0.0015509
-0.0018529
-0.0030774
0.0016593
0.0064631
-0.0042767
0.002511
0.0035332
0.0062053
0.0037995
0.008144
0.0069848
-0.004233
-0.0049447
0.0001366
0.0053317
0.0063611
0.0024674
-0.0060953
0.0066726
0.0066963
-0.008015
0.0033325
-0.0041229
-0.0056233
-0.0054262
0.0059217
-0.005188
0.0067611
0.0038441
0.01338
0.0034668
0.0040976
0.006034
-0.0070641
0.00031561
-0.0041179
0.0046367
0.0063551
-0.0075864
0.0026502
0.0063779
-0.0036476
0.0012286
0.0098858
-0.001054
0.0044781
0.0082747
-0.0056011
-0.0064491
-0.0080363
-0.0073017
-0.0024062
0.001653
0.0068521
-0.0043908
0.0065297
0.0041554
0.0024675
-0.0029946
-0.0022442
0.0024032
-0.0053894
0.0039577
-0.0002597
-0.0078258
0.0020443
0.00045812
0.00038117
-0.0019148
0.0036996
0.0033739
0.0025441
0.0077631
-0.0024807
0.0079966
0.0017807
-0.0015149
0.0043254
0.0053938
0.0083523
0.0044734
-0.0023627
-0.0046694
0.011029
0.0025271
0.0073945
0.0046285
-0.0033964
-0.0053346
-0.0042776
-0.0037798
0.0014183
-0.0051524
-0.0082241
0.00056474
0.0060984
0.0045615
-0.0016721
-0.012967
0.0069467
-0.010543
0.0044838
0.0060394
-0.0021506
0.0045323
-0.0060036
0.0029526
-0.0047976
-0.0084935
-0.0036502
0.00036529
0.00060957
0.0085566
0.0069748
0.0051647
-0.0058416
-0.00094299
0.0069534
-0.0016921
0.0052107
-0.0040147
-0.002036
0.007951
-0.0065747
-0.00014139
-0.0077938
-0.0057626
0.0043273
-0.0039444
0.0039836
-0.0085913
0.008275
0.00075395
0.0013621
0.005768
-0.0034809
-0.0070868
-0.0039821
-0.005497
0.0075293
-0.0045779
0.00026677
-0.0018819
0.0046965
0.0019025
-0.0082121
0.002685
0.0054282
-0.0038851
0.0051787
-0.0062644
0.0022299
0.0088119
0.0038661
-0.00068222
0.00053992
0.0067396
-0.0056938
0.0042107
0.007417
-0.0022895
0.0051256
-0.00046824
0.0058242
0.0073685
-0.003589
0.0052636
-0.0056794
-0.0070506
0.0026466
-0.000267
-0.00039677
-0.006979
-0.0017734
0.00037129
0.0045566
0.0020356
-0.0047276
-0.004527
0.0073216
0.0020168
-0.0073147
-0.0049012
0.007307
0.0066623
0.0022228
0.0048584
-0.001486
0.010704
-0.0026695
-0.0035942
0.0039636
0.0026362
-0.003906
0.0020777
-0.0050633
0.0011758
0.0089757
0.0033353
-0.00011475
0.0051438
0.0025699
-0.0056365
-0.0089556
-0.0066693
0.0020058
0.0055744
0.0074507
0.0062448
0.0052486
-0.0066093
-0.0039981
-0.0028149
-0.003947
-0.0025891
-0.0047105
0.0074978
-0.00037884
-0.0059117
0.0015732
-0.0032648
-0.0069377
0.0062136
0.0059595
-0.0025713
-0.0023114
0.0087662
0.002338
0.0069113
0.0067508
-0.00029855
0.0071025
0.0035408
-0.0053152
-0.0035742
0.0020731
0.010179
-0.0078655
-0.0026706
0.00082977
-0.010234
-0.0059464
-0.0053582
-0.003742
0.0036615
0.0029451
0.0053568
0.0013011
-0.010343
0.0070724
-0.0065422
-0.00082219
0.0094596
0.0017547
-0.0010129
-0.0064319
-0.0048998
0.0057089
-0.0010539
0.0040284
0.0040369
-0.0088162
0.0042886
0.0035949
-0.0097553
0.0064265
-0.0046624
-0.0068245
0.0016978
0.0062757
-0.0055806
0.005512
-0.008531
0.0023704
0.004784
0.0020005
-0.0046369
-0.0067651
0.0059877
-0.0026118
-0.0038181
0.0018452
0.0088785
-0.0030625
0.0090109
0.0053692
0.0024736
0.00027504
0.0033808
-0.0043251
-0.0050141
0.00054504
0.0089057
0.0042238
0.00030797
-0.0030805
0.0032316
0.0052581
0.0010843
0.00047718
0.0046363
-0.00859
-0.00092651
0.0079011
0.0045019
-0.0010092
0.0040277
-0.0015441
0.0027467
0.0063619
0.00012143
0.0065693
-0.0025154
-0.0074908
0.0065731
-0.0055425
0.0016804
-0.0054582
-0.0047851
-0.0076639
0.0024685
-0.0058464
-0.0046627
-0.0041234
-0.0041271
0.0036748
0.0021503
-0.0016452
-0.0037873
0.0095542
-0.0066353
0.0034466
0.00019591
-0.011185
-0.0049811
