-0.017191
-0.014441
-0.016183
-0.015774
-0.016106
-0.016496
-0.015694
-0.012387
-0.017379
-0.019311
-0.01675
-0.018088
-0.01125
-0.016239
-0.017541
-0.017278
-0.01509
-0.021285
-0.012261
-0.016419
-0.016652
-0.016101
-0.016685
-0.013514
-0.017479
-0.013149
-0.01455
-0.010478
-0.015292
-0.017524
-0.01012
-0.012708
-0.017809
-0.013898
-0.01567
-0.020026
-0.020318
-0.014729
-0.017809
-0.019846
-0.017073
-0.021408
-0.017054
-0.020022
-0.019713
-0.016435
-0.018762
-0.017089
-0.018641
-0.015467
-0.014691
-0.010133
-0.015671
-0.015561
-0.014806
-0.015464
-0.015981
-0.017206
-0.014071
-0.016634
-0.014852
-0.014095
-0.0165
-0.020636
-0.016727
-0.019897
-0.015823
-0.013244
-0.018857
-0.023388
-0.018572
-0.020144
-0.012717
-0.014536
-0.021098
-0.016657
-0.010501
-0.014988
-0.019975
-0.017579
-0.013523
-0.014572
-0.011116
-0.015662
-0.014321
-0.01831
-0.016053
-0.013509
-0.017217
-0.015327
-0.017458
-0.021498
-0.017105
-0.018644
-0.015389
-0.021074
-0.018727
-0.016645
-0.01537
-0.013794
-0.019817
-0.018207
-0.019385
-0.014259
-0.0158
-0.017045
-0.012665
-0.013198
-0.015366
-0.014821
-0.015187
-0.013399
-0.015047
-0.015607
-0.017912
-0.011991
-0.018469
-0.016552
-0.018591
-0.018298
-0.02134
-0.01849
-0.017795
-0.018645
-0.016762
-0.019472
-0.017308
-0.018187
-0.015363
-0.021403
-0.017114
-0.019729
-0.019659
-0.013451
-0.016137
-0.019463
-0.012469
-0.015317
-0.015741
-0.014832
-0.014093
-0.02296
-0.016834
-0.014798
-0.01734
-0.019832
-0.01406
-0.015186
-0.02037
-0.014867
-0.018188
-0.013386
-0.018584
-0.015457
-0.017456
-0.014047
-0.019191
-0.014329
-0.018406
-0.021959
-0.016049
-0.01357
-0.014964
-0.015803
-0.019071
-0.016401
-0.012032
-0.013801
-0.01576
-0.018479
-0.017031
-0.021739
-0.019437
-0.021862
-0.017813
-0.01525
-0.018718
-0.019421
-0.014228
-0.018999
-0.020562
-0.0183
-0.015415
-0.017227
-0.016856
-0.019384
-0.017011
-0.016082
-0.014951
-0.010534
-0.013719
-0.015897
-0.017691
-0.018869
-0.014628
-0.017819
-0.01526
-0.020347
-0.0154
-0.020492
-0.018135
-0.019598
-0.017242
-0.021698
-0.020567
-0.018922
-0.017174
-0.01601
-0.01234
-0.016011
-0.019716
-0.023612
-0.016671
-0.018227
-0.015993
-0.022326
-0.018159
-0.014635
-0.016482
-0.021354
-0.013409
-0.018005
-0.020391
-0.015144
-0.017027
-0.015727
-0.014202
-0.01306
-0.022129
-0.017023
-0.01723
-0.016976
-0.01777
-0.019398
-0.018756
-0.014265
-0.016157
-0.015779
-0.011685
-0.015638
-0.015553
-0.014699
-0.018365
-0.013465
-0.018469
-0.019413
-0.017582
-0.010488
-0.016495
-0.016792
-0.015491
-0.010633
-0.016566
-0.013952
-0.013645
-0.017265
-0.019963
-0.016081
-0.017289
-0.017603
-0.015788
-0.014691
-0.015969
-0.014943
-0.015673
-0.015609
-0.017553
-0.013581
-0.021182
-0.017526
-0.019696
-0.012128
-0.012738
-0.019462
-0.016875
-0.016273
-0.019666
-0.016506
-0.010575
-0.015626
-0.013456
-0.016113
-0.017205
-0.014671
-0.018906
-0.018944
-0.018734
-0.016334
-0.013198
-0.017119
-0.01303
-0.021124
-0.014729
-0.013256
-0.016967
-0.0178
-0.017456
-0.01411
-0.019006
-0.01747
-0.013131
-0.017116
-0.014113
-0.015742
-0.015569
-0.019654
-0.015953
-0.014118
-0.016105
-0.019271
-0.019434
-0.019694
-0.018732
-0.019565
-0.019656
-0.014128
-0.018216
-0.014123
-0.014771
-0.011745
-0.012576
-0.019739
-0.015892
-0.011926
-0.01935
-0.021325
-0.019344
-0.018811
-0.014786
-0.012547
-0.011555
-0.014171
-0.018415
-0.020019
-0.016725
-0.016479
-0.018115
-0.013647
-0.016786
-0.015432
-0.016379
-0.01658
-0.01759
-0.021774
-0.019252
-0.016587
-0.019947
-0.020874
-0.013275
-0.019333
-0.023417
-0.012889
-0.014824
-0.010989
-0.018261
-0.010652
-0.016621
-0.018596
-0.016678
-0.018945
-0.017465
-0.016604
-0.013664
-0.015856
-0.020231
-0.015934
-0.021391
-0.017922
-0.014945
-0.011742
-0.012146
-0.021057
-0.011649
-0.013411
-0.014558
-0.015462
-0.019033
-0.016152
-0.011689
-0.012095
-0.009938
-0.016501
-0.012544
-0.014261
-0.016204
-0.014544
-0.012494
-0.010203
-0.019673
-0.0099573
-0.017718
-0.01467
-0.017184
-0.016875
-0.010293
-0.019327
-0.015329
-0.016556
-0.011706
-0.017912
-0.01539
-0.016363
-0.016991
-0.019404
-0.012104
-0.01461
-0.010397
-0.014548
-0.012606
-0.017121
-0.015833
-0.012042
-0.016248
-0.014653
-0.016972
-0.0083133
-0.014766
-0.019589
-0.021087
-0.016745
-0.011752
-0.019395
-0.016199
-0.018616
-0.0092759
-0.015849
-0.013057
-0.013058
-0.0087963
-0.013134
-0.013984
-0.01143
-0.018427
-0.013217
-0.014229
-0.013024
-0.01104
-0.019598
-0.020227
-0.018511
-0.016451
-0.013056
-0.013757
-0.0078544
-0.016826
-0.013814
-0.017019
-0.018196
-0.018488
-0.011639
-0.018146
-0.015404
-0.01347
-0.015559
-0.015909
-0.012415
-0.011809
-0.013988
-0.015953
-0.015774
-0.01829
-0.017655
-0.016403
-0.013852
-0.015666
-0.014395
-0.010202
-0.016333
-0.015854
-0.020762
-0.017557
-0.017828
-0.012385
-0.0173
-0.013788
-0.017731
-0.014635
-0.020063
-0.018206
-0.017312
-0.017703
-0.015308
-0.018349
-0.014172
-0.014612
-0.014761
-0.018786
-0.015961
-0.0096026
-0.012511
-0.013181
-0.012302
-0.013743
-0.015721
-0.016519
-0.021587
-0.014855
-0.016132
-0.020265
-0.017401
-0.014496
-0.018736
-0.015167
-0.014459
-0.012045
-0.021254
-0.01891
-0.016391
-0.017383
-0.019973
-0.013621
-0.020362
-0.01956
-0.017527
-0.015524
-0.015168
-0.012467
-0.015286
-0.016392
-0.0191
-0.016439
-0.018549
-0.017703
-0.016064
-0.014339
-0.021732
-0.018539
-0.015064
-0.013862
-0.016561
-0.013817
-0.017418
-0.013439
-0.017594
-0.014588
-0.021609
-0.019542
-0.017658
-0.01429
-0.019377
-0.019561
-0.017111
-0.016512
-0.018691
-0.016311
-0.012664
-0.017057
-0.017535
-0.019464
-0.017255
-0.01852
-0.013217
-0.019449
-0.011574
-0.018387
-0.016457
-0.018981
-0.017355
-0.015034
-0.012172
-0.01879
-0.017219
-0.013927
-0.019041
-0.016381
-0.014874
-0.015234
-0.015701
-0.017751
-0.017272
-0.017835
-0.017663
-0.016292
-0.019417
-0.023132
-0.018636
-0.012349
-0.019679
-0.020887
-0.016002
-0.016234
-0.018778
-0.019109
-0.018428
-0.017787
-0.013682
-0.0247
-0.010151
-0.014469
-0.017868
-0.013851
-0.014692
-0.018573
-0.017456
-0.018971
-0.013095
-0.015415
-0.01657
-0.018916
-0.012112
-0.014419
-0.019559
-0.02125
-0.019846
-0.018427
-0.016936
-0.019226
-0.019529
-0.014982
-0.016071
-0.017904
-0.015866
-0.016562
-0.014877
-0.012514
-0.01901
-0.013729
-0.014577
-0.01198
-0.020978
-0.013204
-0.012598
-0.015172
-0.014207
-0.015364
-0.01106
-0.017611
-0.017727
-0.016796
-0.017447
-0.019278
-0.015146
-0.016348
-0.016326
-0.0095281
-0.015561
-0.019281
-0.01492
-0.013648
-0.018426
-0.020935
-0.015618
-0.019039
-0.01585
-0.015157
-0.018414
-0.015562
-0.019282
-0.014028
-0.017573
-0.014562
-0.016427
-0.012228
-0.019666
-0.019161
-0.019118
-0.012151
-0.018586
-0.015311
-0.020574
-0.019552
-0.017883
-0.016075
-0.015302
-0.018262
-0.013619
-0.017639
-0.019759
-0.013601
-0.021303
-0.014298
-0.017586
-0.013457
-0.010459
-0.013311
-0.012775
-0.016513
-0.014087
-0.013531
-0.016538
-0.013622
-0.017251
-0.017195
-0.016532
-0.016453
-0.019063
-0.017587
-0.018965
-0.018118
-0.020371
-0.017975
-0.0186
-0.016092
-0.017361
-0.019396
-0.013458
-0.013608
-0.018331
-0.012452
-0.01097
-0.014549
-0.01675
-0.018496
-0.017865
-0.011543
-0.021107
-0.017283
-0.01508
-0.01781
-0.013062
-0.016585
-0.012808
-0.017153
-0.015763
-0.018253
-0.019847
-0.012384
-0.019861
-0.014953
-0.016847
-0.016621
-0.020287
-0.010524
-0.011123
-0.013707
-0.016032
-0.018509
-0.01807
-0.015282
-0.012295
-0.014652
-0.019231
-0.015381
-0.01947
-0.018398
-0.016885
-0.017649
-0.017957
-0.018183
-0.01727
-0.015844
-0.013189
-0.016768
-0.016168
-0.021987
-0.015466
-0.012176
-0.014224
-0.015524
-0.015857
-0.017675
-0.011297
-0.014248
-0.016116
-0.017971
-0.012309
-0.015487
-0.01667
-0.013922
-0.012423
-0.016233
-0.016532
-0.018088
-0.016717
-0.016792
-0.016767
-0.018461
-0.011396
-0.013931
-0.020932
-0.015757
-0.016315
-0.013211
-0.015605
-0.016135
-0.016574
-0.01679
-0.017972
-0.016308
-0.013969
-0.018415
-0.019224
-0.013102
-0.017547
